1.188821497337514447e+05 1.740250818400246499e+05 1.000000000000000000e+00
1.011202591510642742e+04 2.085249163967273489e+04 0.000000000000000000e+00
1.170039907217865039e+04 2.488297708467478515e+04 0.000000000000000000e+00
8.563583412276173476e+04 1.726996726500606746e+05 1.000000000000000000e+00
1.319724574838378066e+04 1.936415404825099540e+04 1.000000000000000000e+00
3.744831240075336973e+04 8.736317078150913585e+04 0.000000000000000000e+00
4.172564129268865508e+04 8.629114469813731557e+04 0.000000000000000000e+00
1.852348054297111594e+04 4.561969001555120485e+04 0.000000000000000000e+00
5.012721681650543178e+04 9.107882857067715668e+04 0.000000000000000000e+00
2.490327628471052230e+04 4.625805163622611144e+04 1.000000000000000000e+00
1.239801195704326165e+04 2.033089946136354047e+04 1.000000000000000000e+00
1.745694157773254847e+04 4.398509878795649274e+04 0.000000000000000000e+00
1.577420532533132973e+04 4.311962972473314585e+04 0.000000000000000000e+00
4.687367461624710995e+04 8.721490015556372236e+04 0.000000000000000000e+00
1.412064081485942188e+04 2.323738360479874609e+04 1.000000000000000000e+00
7.753244740478336462e+04 1.758623053812503349e+05 0.000000000000000000e+00
2.462577779477406511e+04 4.219197466066347260e+04 1.000000000000000000e+00
2.582076480555569287e+04 4.264358568354421732e+04 1.000000000000000000e+00
5.284277258321882255e+04 8.397580334364474402e+04 1.000000000000000000e+00
2.663260833813633144e+04 4.315397268341546442e+04 1.000000000000000000e+00
8.379392497699811065e+04 1.722107026348930085e+05 0.000000000000000000e+00
1.928242794295044951e+04 4.075857454430671351e+04 0.000000000000000000e+00
2.445855537680382986e+04 4.079127784185712517e+04 1.000000000000000000e+00
9.149489358739515592e+04 1.740665655307866109e+05 0.000000000000000000e+00
5.540741873408768879e+04 8.651980372252254165e+04 1.000000000000000000e+00
9.796562551964758313e+03 1.881575606250773853e+04 0.000000000000000000e+00
2.571343935272158706e+04 3.976611123928338930e+04 1.000000000000000000e+00
2.451768352707920349e+04 4.283186773081751016e+04 1.000000000000000000e+00
1.063608033098537853e+05 1.691593892287504277e+05 1.000000000000000000e+00
4.957547030963670841e+04 8.609339499459469516e+04 1.000000000000000000e+00
1.442617775422147133e+04 2.227128186167840249e+04 1.000000000000000000e+00
5.091224615145317512e+04 8.259504858655238058e+04 1.000000000000000000e+00
9.199788285228265522e+03 1.902696784456556998e+04 1.000000000000000000e+00
1.068669314071447152e+05 1.746150820820369408e+05 1.000000000000000000e+00
5.059125558600103250e+04 8.579648408522388490e+04 1.000000000000000000e+00
2.417071792310471938e+04 4.321522325243148225e+04 1.000000000000000000e+00
2.019043096488999072e+04 4.199491853986520437e+04 0.000000000000000000e+00
9.131419340044808632e+04 1.744487668703576201e+05 1.000000000000000000e+00
1.236847871671882240e+04 2.320082942783982435e+04 0.000000000000000000e+00
1.034861439815358026e+05 1.728845603791516623e+05 1.000000000000000000e+00
8.972795093164259742e+04 1.733969514381196641e+05 0.000000000000000000e+00
9.873646006497670896e+04 1.706518370217955089e+05 0.000000000000000000e+00
4.262559417209831008e+04 8.487661008906843199e+04 1.000000000000000000e+00
1.421887178539102024e+04 2.118569161661686667e+04 1.000000000000000000e+00
4.117202642763998301e+04 8.763483876436663559e+04 0.000000000000000000e+00
1.052116009547248905e+04 1.769627497592418149e+04 1.000000000000000000e+00
1.048536320071347582e+05 1.753768174466722121e+05 0.000000000000000000e+00
2.050984874807843880e+04 4.436940786502389528e+04 0.000000000000000000e+00
4.403578384586160246e+04 8.659209206566908688e+04 0.000000000000000000e+00
9.659242951737987823e+03 1.880505338466893227e+04 0.000000000000000000e+00
8.166641112442850135e+04 1.721961445484104624e+05 0.000000000000000000e+00
9.306624469302134457e+03 1.808185209940453205e+04 0.000000000000000000e+00
1.288333476859272923e+04 2.166674859120415204e+04 1.000000000000000000e+00
8.790097820856518229e+04 1.716008396524781128e+05 0.000000000000000000e+00
2.090732699545354990e+04 4.559734849836780631e+04 0.000000000000000000e+00
1.035877255642881501e+05 1.726809060784860922e+05 1.000000000000000000e+00
1.450563406581780509e+04 2.042593522319713156e+04 1.000000000000000000e+00
4.088203102314786520e+04 9.059515740997805551e+04 0.000000000000000000e+00
1.103194828223940931e+04 2.050409982414225669e+04 1.000000000000000000e+00
4.339207255671725579e+04 8.552305921873654006e+04 0.000000000000000000e+00
1.199662726810097411e+04 2.267456095335764621e+04 0.000000000000000000e+00
4.679363843312545214e+04 8.654971200265469088e+04 0.000000000000000000e+00
1.108515692650409073e+04 2.205793120460069258e+04 0.000000000000000000e+00
9.768010066906371503e+04 1.706158242239979445e+05 1.000000000000000000e+00
7.825416571342025418e+04 1.747911813564489712e+05 0.000000000000000000e+00
1.091183533012363187e+05 1.715251339686975116e+05 1.000000000000000000e+00
2.158501957638181557e+04 4.379389442780002719e+04 0.000000000000000000e+00
4.861277289368373022e+04 8.474152126780762046e+04 1.000000000000000000e+00
3.061478723221602559e+04 4.631826893061636656e+04 1.000000000000000000e+00
1.119802204651720422e+04 2.322335859628695835e+04 0.000000000000000000e+00
5.221256926932363422e+04 8.508128934918760206e+04 1.000000000000000000e+00
1.752175592909402985e+04 3.990993017002873239e+04 0.000000000000000000e+00
3.894846925580487004e+04 8.475556803191485233e+04 0.000000000000000000e+00
3.895753368809266976e+04 8.569291278363623132e+04 0.000000000000000000e+00
2.287219810901947494e+04 4.270112101256046299e+04 0.000000000000000000e+00
4.416285975845580833e+04 8.387293425336739165e+04 0.000000000000000000e+00
4.525152578609118063e+04 8.759525577661910211e+04 0.000000000000000000e+00
9.899424182998486503e+04 1.718457771806848468e+05 1.000000000000000000e+00
1.380277433707628370e+04 2.293535783867735518e+04 0.000000000000000000e+00
2.181835702283008504e+04 4.461583632472022146e+04 0.000000000000000000e+00
1.100350709328520497e+04 2.134297647064934790e+04 1.000000000000000000e+00
4.255188535746707930e+04 8.805877157494710991e+04 0.000000000000000000e+00
8.729793689430922677e+04 1.707965890684213373e+05 0.000000000000000000e+00
8.718940835420170333e+04 1.753834943604402069e+05 0.000000000000000000e+00
1.272581373272457859e+04 2.079013017310912255e+04 0.000000000000000000e+00
4.347447000263144582e+04 8.538373466514998290e+04 0.000000000000000000e+00
9.629102400080295047e+04 1.742472989690627146e+05 1.000000000000000000e+00
4.434130619659778313e+04 8.492603933656004665e+04 0.000000000000000000e+00
1.521769552558535543e+04 2.368872604158677495e+04 1.000000000000000000e+00
8.912109901702712523e+04 1.726239684661734791e+05 1.000000000000000000e+00
2.746204736143433911e+04 4.373923790948946407e+04 1.000000000000000000e+00
1.301544452224185807e+04 2.382453922987076658e+04 1.000000000000000000e+00
1.149633440789897577e+04 2.133102056707010706e+04 0.000000000000000000e+00
7.258786050097085536e+04 1.755167597424640844e+05 0.000000000000000000e+00
2.435143762869683269e+04 4.482698637099038751e+04 0.000000000000000000e+00
8.457180494350034860e+04 1.720996362189725041e+05 0.000000000000000000e+00
1.426891225744059011e+04 2.382967144448325416e+04 1.000000000000000000e+00
1.028122040220502531e+05 1.735873720556245244e+05 1.000000000000000000e+00
9.928789529781619785e+04 1.706312510105915717e+05 1.000000000000000000e+00
1.361458126341632124e+04 2.094715905769426536e+04 1.000000000000000000e+00
2.659561760834249799e+04 4.362305171212636924e+04 1.000000000000000000e+00
9.687258356236208056e+04 1.724189869343221653e+05 1.000000000000000000e+00
1.044317816870041315e+04 2.272571693647707798e+04 0.000000000000000000e+00
2.782062537833771421e+04 4.160500162352137704e+04 1.000000000000000000e+00
5.625643923792991700e+04 8.811993677681886766e+04 1.000000000000000000e+00
9.618522283833610709e+04 1.765519439478086715e+05 1.000000000000000000e+00
1.964879085543445763e+04 4.231595328813994274e+04 0.000000000000000000e+00
7.706319062403253338e+04 1.737628563480273297e+05 0.000000000000000000e+00
2.645472863754530044e+04 4.418758213780679216e+04 1.000000000000000000e+00
2.307340335419638359e+04 4.421522535418500775e+04 0.000000000000000000e+00
2.957919800871238476e+04 4.257265061809270992e+04 1.000000000000000000e+00
5.708566140975685266e+04 8.611655948674168030e+04 1.000000000000000000e+00
1.289280703554114916e+04 2.449591703024717208e+04 0.000000000000000000e+00
2.453957891544056838e+04 4.343874210372204107e+04 1.000000000000000000e+00
7.727897876139916480e+04 1.701133708411382395e+05 0.000000000000000000e+00
2.495100963293149471e+04 4.213044048620641843e+04 1.000000000000000000e+00
2.186463553465547375e+04 4.114221083198949054e+04 0.000000000000000000e+00
1.186815241960011190e+05 1.733651257524628018e+05 1.000000000000000000e+00
2.631489566572734475e+04 4.205762565067074320e+04 1.000000000000000000e+00
5.176249385865950899e+04 9.156183417613127676e+04 0.000000000000000000e+00
2.562143136358356787e+04 4.515190874474953307e+04 1.000000000000000000e+00
9.219091857238847297e+04 1.742381067680398701e+05 0.000000000000000000e+00
4.455420017941499827e+04 8.658178944314683031e+04 1.000000000000000000e+00
5.115123288675084041e+04 8.437589472425199347e+04 0.000000000000000000e+00
8.980247620225467836e+04 1.714170586552112654e+05 0.000000000000000000e+00
3.991174894984663842e+04 8.762313121443850105e+04 0.000000000000000000e+00
7.680024882297514705e+04 1.734263261362861958e+05 0.000000000000000000e+00
1.505361427539576471e+04 2.415471886728081518e+04 1.000000000000000000e+00
5.072703201946950139e+04 8.679156667091358395e+04 1.000000000000000000e+00
1.094235488321770754e+04 2.124166755216376987e+04 1.000000000000000000e+00
9.143049181529480848e+04 1.729889733011374192e+05 1.000000000000000000e+00
1.029924433604683327e+04 1.878638758799765128e+04 0.000000000000000000e+00
7.869015340515119897e+04 1.716402366786282510e+05 0.000000000000000000e+00
2.089031572118600161e+04 4.181524419276941626e+04 0.000000000000000000e+00
2.040402321876792848e+04 4.262287166940760653e+04 0.000000000000000000e+00
3.015831250545104558e+04 4.506934128172399505e+04 1.000000000000000000e+00
9.444337584256274567e+04 1.739500464326386282e+05 1.000000000000000000e+00
1.356655467104851959e+04 2.164175889214082054e+04 1.000000000000000000e+00
9.113251766423608933e+04 1.763450187399222923e+05 0.000000000000000000e+00
7.982139670488068077e+04 1.742665092027289211e+05 0.000000000000000000e+00
9.731592976542303222e+04 1.735691223533028387e+05 1.000000000000000000e+00
1.171864474544630211e+05 1.709697826409358822e+05 1.000000000000000000e+00
5.102191085221949470e+04 8.788746725725628494e+04 1.000000000000000000e+00
8.932870140556803381e+04 1.741858704953697452e+05 0.000000000000000000e+00
1.130938596977232810e+05 1.713940494040992344e+05 1.000000000000000000e+00
1.172766657688405030e+04 1.986312458362706820e+04 1.000000000000000000e+00
1.080777683403317060e+05 1.740116835343298153e+05 1.000000000000000000e+00
4.749327232958692912e+04 8.680739556178383646e+04 0.000000000000000000e+00
8.209502031714368786e+04 1.746192636845349916e+05 0.000000000000000000e+00
2.569262013652890164e+04 4.453887463997551822e+04 1.000000000000000000e+00
9.433728585922429920e+04 1.713254679203008418e+05 0.000000000000000000e+00
4.356523587799455709e+04 8.423245160827149812e+04 0.000000000000000000e+00
5.613252693989752152e+04 8.935373489223727665e+04 1.000000000000000000e+00
5.804544495638935769e+04 8.827097325239721977e+04 1.000000000000000000e+00
2.436965419491680950e+04 4.624874753697146662e+04 1.000000000000000000e+00
3.426213497704437032e+04 8.654585738526128989e+04 0.000000000000000000e+00
1.192119606302301145e+04 2.215606315360342705e+04 1.000000000000000000e+00
1.327296268713377140e+04 2.293781731308284361e+04 1.000000000000000000e+00
4.546506090813823539e+04 8.626045084852279979e+04 0.000000000000000000e+00
2.784969267878627215e+04 4.606189578060857457e+04 1.000000000000000000e+00
2.890950594085681951e+04 4.580011596207496041e+04 1.000000000000000000e+00
8.710753986312155030e+04 1.719570699926779198e+05 0.000000000000000000e+00
1.091642624489621085e+05 1.736856266589872248e+05 1.000000000000000000e+00
1.031508295157392713e+05 1.733750338490743598e+05 1.000000000000000000e+00
1.107495416071233740e+04 1.893672449184597281e+04 0.000000000000000000e+00
8.660513717976314365e+04 1.713065997918272624e+05 0.000000000000000000e+00
8.855091713010131207e+04 1.707087201760363823e+05 0.000000000000000000e+00
5.599413874765668152e+04 8.812454991961766791e+04 1.000000000000000000e+00
1.081117768082423390e+04 2.302481113885220839e+04 0.000000000000000000e+00
4.325800304124427203e+04 8.601873064924635401e+04 0.000000000000000000e+00
5.208378488075642235e+04 8.371104086258279858e+04 1.000000000000000000e+00
2.031686778876339667e+04 4.324435498682104662e+04 0.000000000000000000e+00
3.358696732905950194e+04 8.247543564731415245e+04 0.000000000000000000e+00
9.624991085436025969e+03 1.966828742095345660e+04 0.000000000000000000e+00
9.611248536503886498e+03 2.149627347017841021e+04 0.000000000000000000e+00
4.923999198228346359e+04 9.025143989703722764e+04 1.000000000000000000e+00
2.628652704061238182e+04 4.444472947187577665e+04 1.000000000000000000e+00
4.525399108678825723e+04 8.650121613911048917e+04 0.000000000000000000e+00
1.083572110781751508e+04 2.258973804521941929e+04 0.000000000000000000e+00
1.063086368241970777e+05 1.735531205892096041e+05 0.000000000000000000e+00
1.109004466349337054e+04 1.942597467779106955e+04 0.000000000000000000e+00
1.124015652554361441e+04 2.432799249534546834e+04 0.000000000000000000e+00
9.969119378679442889e+03 2.313714053780986796e+04 0.000000000000000000e+00
1.113533553675265648e+04 1.954134613947093385e+04 1.000000000000000000e+00
4.973868091831247875e+04 8.417243020895402879e+04 1.000000000000000000e+00
1.446134928215346008e+04 2.216086465563526144e+04 1.000000000000000000e+00
1.141447779333833751e+04 1.845165110756484137e+04 1.000000000000000000e+00
1.017169869027617824e+05 1.719613216482678545e+05 1.000000000000000000e+00
1.068788742632449976e+04 1.703349429156329279e+04 1.000000000000000000e+00
9.195315644340545987e+04 1.725760338043474476e+05 0.000000000000000000e+00
1.038374583577592057e+04 1.932363884058572148e+04 1.000000000000000000e+00
1.081265917348400544e+05 1.721496357970529643e+05 1.000000000000000000e+00
1.958188465402541988e+04 4.091752554332496948e+04 0.000000000000000000e+00
2.649026078226089885e+04 4.244366153288359783e+04 1.000000000000000000e+00
7.969119387450035720e+04 1.726242719936821959e+05 0.000000000000000000e+00
7.304388531958359818e+04 1.771995710700713971e+05 0.000000000000000000e+00
4.806394197611499112e+04 9.078957008265503100e+04 0.000000000000000000e+00
2.916360849725531807e+04 4.383805292613702477e+04 1.000000000000000000e+00
1.070016237057551189e+04 2.125705540355155608e+04 0.000000000000000000e+00
2.388751148574337276e+04 4.365054974430765287e+04 1.000000000000000000e+00
8.597869898237576126e+04 1.706374655078943761e+05 0.000000000000000000e+00
4.982253361082494666e+04 8.554990453686250839e+04 0.000000000000000000e+00
1.069069168598383476e+04 2.101782495658973494e+04 0.000000000000000000e+00
1.344210215468079150e+04 2.257953440984158078e+04 1.000000000000000000e+00
9.544142504610434116e+03 1.959260257953865585e+04 0.000000000000000000e+00
2.126358020439059692e+04 4.054632465333978325e+04 1.000000000000000000e+00
4.996454082144295535e+04 8.664986410464196524e+04 0.000000000000000000e+00
9.761520216482841352e+04 1.716954998445927631e+05 1.000000000000000000e+00
8.980210180971688533e+04 1.719440751920919574e+05 0.000000000000000000e+00
1.279694217743599984e+04 2.287776710448974700e+04 1.000000000000000000e+00
3.622619019146459323e+04 8.183982918730025995e+04 0.000000000000000000e+00
4.302432832117886574e+04 8.432018186777658411e+04 0.000000000000000000e+00
2.603942468011218443e+04 4.315289145564802311e+04 1.000000000000000000e+00
4.810360332269757055e+04 8.850405815424180764e+04 0.000000000000000000e+00
1.388857179104338684e+04 2.109410481197392437e+04 1.000000000000000000e+00
9.804504689726660217e+03 1.877767652255946814e+04 0.000000000000000000e+00
2.401706647035921560e+04 4.050847730754919758e+04 1.000000000000000000e+00
2.652391325394258820e+04 4.617788509518367209e+04 1.000000000000000000e+00
5.647390983155963477e+04 8.833533763214148348e+04 1.000000000000000000e+00
2.059908455099936691e+04 4.468582516156973725e+04 0.000000000000000000e+00
2.807937990750844983e+04 4.203687021846295829e+04 1.000000000000000000e+00
1.092155510845528624e+05 1.740998878458509280e+05 1.000000000000000000e+00
9.942279139282081815e+03 2.083910979426264385e+04 0.000000000000000000e+00
1.436002717074987595e+04 2.480661330352902223e+04 1.000000000000000000e+00
1.999363727609518537e+04 4.172669778318713361e+04 0.000000000000000000e+00
2.474109628765252273e+04 4.300867345712969109e+04 1.000000000000000000e+00
1.014984378307055013e+05 1.749367613040586293e+05 1.000000000000000000e+00
9.798881904676009435e+04 1.730853355968564574e+05 0.000000000000000000e+00
4.638325014222659956e+04 8.436625725190990488e+04 0.000000000000000000e+00
2.019869303339232283e+04 4.123126368908811128e+04 0.000000000000000000e+00
1.266123174098699019e+04 2.174673763027669702e+04 0.000000000000000000e+00
1.330913833753758445e+04 2.361735035072875326e+04 0.000000000000000000e+00
1.202128402021692455e+05 1.741795337896512065e+05 1.000000000000000000e+00
8.190707970299870794e+03 1.779505418738035587e+04 0.000000000000000000e+00
4.389772416800179053e+04 8.860146480767476896e+04 1.000000000000000000e+00
8.553372236249745765e+04 1.722796633648841525e+05 0.000000000000000000e+00
1.167621856504982570e+05 1.745906744441452611e+05 1.000000000000000000e+00
5.336951087488902704e+04 8.519738216365368862e+04 1.000000000000000000e+00
2.486026119776148698e+04 4.702271670348255429e+04 1.000000000000000000e+00
2.131602217013897098e+04 3.973956172260006861e+04 0.000000000000000000e+00
1.814877126249782305e+04 4.151369760183846665e+04 0.000000000000000000e+00
2.616407801429565370e+04 4.286363812137527566e+04 1.000000000000000000e+00
2.504553176270284166e+04 4.569909715012242668e+04 1.000000000000000000e+00
5.634959899895178387e+04 8.657559417293792649e+04 1.000000000000000000e+00
2.276178108166827224e+04 4.418128141604475240e+04 0.000000000000000000e+00
1.365674543951787564e+04 2.075160343644462773e+04 1.000000000000000000e+00
5.195791415371237235e+04 8.818508381997693505e+04 1.000000000000000000e+00
2.280116584899495138e+04 4.298269679360724695e+04 0.000000000000000000e+00
1.584858004077738951e+04 2.198421481043422682e+04 1.000000000000000000e+00
4.995716130120032176e+04 8.717901607720651373e+04 1.000000000000000000e+00
9.247817536160018790e+03 1.921796439690260377e+04 0.000000000000000000e+00
1.131830339431502034e+04 2.015440635120320076e+04 1.000000000000000000e+00
4.193090483449072053e+04 8.708883546928715077e+04 0.000000000000000000e+00
9.383999467851418012e+04 1.772622762305244687e+05 0.000000000000000000e+00
1.587670674652395064e+04 4.307489795628056163e+04 0.000000000000000000e+00
1.295537296649033306e+04 2.014082340691870559e+04 1.000000000000000000e+00
1.287269534474619468e+04 2.243147589211741797e+04 1.000000000000000000e+00
1.015704392228512734e+05 1.723908293357128277e+05 1.000000000000000000e+00
8.885931868059332191e+04 1.745133079397120746e+05 0.000000000000000000e+00
1.982679602719897957e+04 4.459733140303902474e+04 0.000000000000000000e+00
7.661816055433172733e+04 1.713813854058793804e+05 0.000000000000000000e+00
1.735141382199813597e+04 2.322060151132557803e+04 1.000000000000000000e+00
1.120708299937635747e+05 1.758026524927739811e+05 1.000000000000000000e+00
1.787980007026144449e+04 4.357469752224543481e+04 0.000000000000000000e+00
2.447962127165994025e+04 4.406471920965885511e+04 0.000000000000000000e+00
1.866219265989583801e+04 4.134727936404247885e+04 0.000000000000000000e+00
1.008803886434869128e+04 2.047933531713588309e+04 0.000000000000000000e+00
1.395437856772837404e+04 2.174918603092078411e+04 1.000000000000000000e+00
1.230410395975515348e+04 2.015824847304865398e+04 1.000000000000000000e+00
1.407537983107811124e+04 2.267873874652405357e+04 1.000000000000000000e+00
5.855020368457792210e+04 8.780613563482118479e+04 1.000000000000000000e+00
2.270675846007728251e+04 4.278279147450019809e+04 1.000000000000000000e+00
8.287269842702848837e+04 1.758953584078395215e+05 0.000000000000000000e+00
1.156081443208477685e+04 1.832091413796892812e+04 1.000000000000000000e+00
1.284054233188054786e+04 2.070044354926409869e+04 1.000000000000000000e+00
2.493654769563561786e+04 4.472324544038332533e+04 1.000000000000000000e+00
2.391610792595751263e+04 4.361841519659986807e+04 0.000000000000000000e+00
7.927040089782972063e+04 1.723960819888191181e+05 0.000000000000000000e+00
8.696664153839844221e+04 1.758733859999644628e+05 0.000000000000000000e+00
1.206562315443753869e+04 2.005163527520236676e+04 1.000000000000000000e+00
3.555149720949986659e+04 8.789530425268108957e+04 0.000000000000000000e+00
2.534276671546339639e+04 4.574105102816500585e+04 1.000000000000000000e+00
9.758564170644740807e+04 1.700212333928491862e+05 1.000000000000000000e+00
1.432039167729892506e+04 2.257536256005807081e+04 1.000000000000000000e+00
7.608499815098768158e+04 1.745881101602815907e+05 0.000000000000000000e+00
4.806551824931420560e+04 8.418375190235034097e+04 0.000000000000000000e+00
2.176324474358197403e+04 4.589543983226666023e+04 0.000000000000000000e+00
4.134002750067910529e+04 8.839158370506996289e+04 0.000000000000000000e+00
5.648515089128311229e+04 8.818718326008907752e+04 1.000000000000000000e+00
4.558306947369003319e+04 8.488911761190173274e+04 0.000000000000000000e+00
4.544157031121462933e+04 8.508674235888928524e+04 1.000000000000000000e+00
2.156454548922871254e+04 4.354601786891616939e+04 0.000000000000000000e+00
4.670101916549504676e+04 8.776202731262055750e+04 0.000000000000000000e+00
1.279568256733051676e+05 1.732558257474273560e+05 1.000000000000000000e+00
9.994447307212107262e+03 2.129602054747204238e+04 0.000000000000000000e+00
2.280019814655568916e+04 4.258983713234385505e+04 1.000000000000000000e+00
7.736560141341530834e+04 1.692608466095787007e+05 0.000000000000000000e+00
2.475531879599893000e+04 4.429423176863639674e+04 0.000000000000000000e+00
5.273775500583982648e+04 8.551830740829564456e+04 1.000000000000000000e+00
5.279664490268805093e+04 8.817581000012929144e+04 1.000000000000000000e+00
1.340137610753466652e+04 2.129081318699914846e+04 1.000000000000000000e+00
7.690679142529157980e+04 1.721988313123786356e+05 0.000000000000000000e+00
2.761536610164698141e+04 4.138341795196001476e+04 1.000000000000000000e+00
9.637828474532107066e+04 1.746725493967134389e+05 0.000000000000000000e+00
1.361164227422013028e+04 2.587386233220968279e+04 1.000000000000000000e+00
5.471373274968250189e+04 8.804956868871713232e+04 1.000000000000000000e+00
4.234211553938019642e+04 8.701253425230298308e+04 0.000000000000000000e+00
4.918597724081269553e+04 8.598037783353267878e+04 1.000000000000000000e+00
1.102476340166215414e+04 2.160977920752179125e+04 0.000000000000000000e+00
5.752730145151971374e+04 8.582981137476324511e+04 1.000000000000000000e+00
4.914775107129174285e+04 8.752880251931598468e+04 0.000000000000000000e+00
8.916998953413667550e+03 1.791060556302610712e+04 0.000000000000000000e+00
2.172079937277149656e+04 4.309722413060459803e+04 1.000000000000000000e+00
2.621234465138078667e+04 4.459377238001599471e+04 1.000000000000000000e+00
4.335549007471428922e+04 8.787734639726886235e+04 0.000000000000000000e+00
5.148167652054218343e+04 8.741020431572955567e+04 1.000000000000000000e+00
5.245222372977238410e+04 8.523972817969294556e+04 1.000000000000000000e+00
5.507744173243753903e+04 8.387382747702577035e+04 1.000000000000000000e+00
4.371364247853541019e+04 8.540207683811060269e+04 1.000000000000000000e+00
2.651996919470526700e+04 4.646662709962850204e+04 1.000000000000000000e+00
4.656092255670718441e+04 8.462278700289453263e+04 0.000000000000000000e+00
2.104044488953049949e+04 3.999106931926552352e+04 0.000000000000000000e+00
8.056159607347844576e+04 1.723429179553015565e+05 0.000000000000000000e+00
2.813968082538642193e+04 4.175468358359002741e+04 1.000000000000000000e+00
1.148458847957037688e+04 2.226388178975077608e+04 0.000000000000000000e+00
1.183510233312123637e+04 2.085054137823664496e+04 1.000000000000000000e+00
1.021674244747359626e+04 2.067735632444301518e+04 1.000000000000000000e+00
2.666928343923331704e+04 4.291040073753963952e+04 1.000000000000000000e+00
6.006747606640038430e+04 8.624962138286487607e+04 1.000000000000000000e+00
9.864186276479578737e+03 2.090869271122337523e+04 0.000000000000000000e+00
1.089394499483222753e+05 1.734937083132914559e+05 1.000000000000000000e+00
2.938774288783788143e+04 8.704388905404409161e+04 0.000000000000000000e+00
4.868800509878049343e+04 8.382936020445174654e+04 1.000000000000000000e+00
2.705105918695585206e+04 4.279316052691252116e+04 1.000000000000000000e+00
2.442052138997382281e+04 4.390176320753269829e+04 1.000000000000000000e+00
2.234454454658829491e+04 4.172522924940587836e+04 0.000000000000000000e+00
4.525713352808836498e+04 8.609399855217101867e+04 0.000000000000000000e+00
1.329168559554282183e+04 2.147261640845247530e+04 1.000000000000000000e+00
1.228609554792904055e+04 2.279962476489651090e+04 0.000000000000000000e+00
2.038337993940701563e+04 4.245891128084260708e+04 0.000000000000000000e+00
1.985921203612124737e+04 4.168691969049615727e+04 0.000000000000000000e+00
2.908240680291322133e+04 4.260438335562191787e+04 1.000000000000000000e+00
1.084944519219012436e+05 1.734720346147187520e+05 1.000000000000000000e+00
4.808018605092907092e+04 8.696989134091165033e+04 1.000000000000000000e+00
4.386939319212553528e+04 8.366793201415750082e+04 1.000000000000000000e+00
5.373397439785795723e+04 8.704165467994358914e+04 1.000000000000000000e+00
2.370701829270004237e+04 4.518255117051200796e+04 0.000000000000000000e+00
8.896034947801486851e+03 1.918160299524487345e+04 0.000000000000000000e+00
2.563059821584976453e+04 4.296441649493041041e+04 1.000000000000000000e+00
4.954963770531603950e+04 8.828935344433849968e+04 0.000000000000000000e+00
8.550858415828201396e+04 1.696193167242606578e+05 0.000000000000000000e+00
1.195183937600022909e+05 1.735328322555613122e+05 1.000000000000000000e+00
1.884582950662551593e+04 4.398187130634566711e+04 0.000000000000000000e+00
8.332946324695403746e+03 1.903226822085176173e+04 0.000000000000000000e+00
1.057603755463654234e+05 1.741617747292470012e+05 1.000000000000000000e+00
2.893656272636489666e+04 4.229231917269843689e+04 1.000000000000000000e+00
1.467716264260900971e+04 2.119967681266849104e+04 1.000000000000000000e+00
1.314584474383468114e+04 2.083031427560838711e+04 1.000000000000000000e+00
4.204834798624788527e+04 8.375114807981972990e+04 0.000000000000000000e+00
9.201527885459367826e+04 1.732147196874225046e+05 0.000000000000000000e+00
8.767020495385419053e+04 1.703435705138946068e+05 0.000000000000000000e+00
1.020258527799190342e+05 1.728510761016256874e+05 1.000000000000000000e+00
5.354361186327431642e+04 8.815244383026981086e+04 1.000000000000000000e+00
2.064286557269539480e+04 4.482611197627590445e+04 0.000000000000000000e+00
3.487406659872562159e+04 8.584150999573087029e+04 0.000000000000000000e+00
2.306054192692461220e+04 4.261429780588536232e+04 0.000000000000000000e+00
9.266951870970746677e+04 1.712747008691992669e+05 0.000000000000000000e+00
5.326451438334220438e+04 8.579785265753416752e+04 1.000000000000000000e+00
1.120076769580092659e+05 1.718855299506269803e+05 1.000000000000000000e+00
1.179848557188971608e+04 2.048185677196722099e+04 1.000000000000000000e+00
4.379007288082193554e+04 8.495338627122763137e+04 0.000000000000000000e+00
3.207169321482546729e+04 4.270074177624410368e+04 1.000000000000000000e+00
1.052855996224513365e+05 1.711980096407928213e+05 1.000000000000000000e+00
9.847511717549879904e+03 2.268964184954062512e+04 0.000000000000000000e+00
1.249444979884759523e+05 1.739549389883592085e+05 1.000000000000000000e+00
1.998408036428676132e+04 4.323691526942613564e+04 0.000000000000000000e+00
8.186094021211609652e+04 1.764186552861157688e+05 0.000000000000000000e+00
1.069824690483702761e+04 1.965059517060935832e+04 0.000000000000000000e+00
1.273717990622001525e+04 2.094953662172722397e+04 1.000000000000000000e+00
5.199951141946743883e+04 8.507378093382238876e+04 1.000000000000000000e+00
7.729651170803136483e+04 1.705969507246001740e+05 0.000000000000000000e+00
9.571266174427873921e+04 1.712298947378005832e+05 1.000000000000000000e+00
1.338822777198164113e+04 2.166216035315746922e+04 1.000000000000000000e+00
4.146541169326204545e+04 8.479965664978121640e+04 0.000000000000000000e+00
1.583618562606240812e+04 2.178077918843102816e+04 1.000000000000000000e+00
8.356087030172231607e+04 1.720516356423259131e+05 0.000000000000000000e+00
1.127992338944984076e+05 1.788550232969456993e+05 1.000000000000000000e+00
5.302625623745825578e+04 8.739211469323828351e+04 1.000000000000000000e+00
5.530848671148516587e+04 8.674209259981199284e+04 1.000000000000000000e+00
1.135387581262108870e+04 2.019825820073411523e+04 1.000000000000000000e+00
4.966126593652698648e+04 8.771465060438268119e+04 1.000000000000000000e+00
1.097763224161955623e+04 2.017044749281806435e+04 0.000000000000000000e+00
2.556161460912593611e+04 4.419948028575805074e+04 1.000000000000000000e+00
4.729103993468404951e+04 8.733608177638537018e+04 1.000000000000000000e+00
9.612600027440447593e+04 1.680618595364583598e+05 1.000000000000000000e+00
1.942660327716284883e+04 4.251229294310812838e+04 0.000000000000000000e+00
1.868307462489070895e+04 3.976974140064584208e+04 0.000000000000000000e+00
1.231054442422790817e+04 2.316826049821557899e+04 0.000000000000000000e+00
2.248225172231372562e+04 4.401589573401515372e+04 1.000000000000000000e+00
5.143505413844508439e+04 8.827845014543285652e+04 1.000000000000000000e+00
